22038615
12545825
10741073
10343885
10144200
6996437
6332195
4303955
3856916
3872477
3978265
3430996
3281454
3081151
2909254
2683014
2485306
2573587
1915138
1885366
1865580
1767638
1776767
1820935
1801708
1635914
1712406
1638830
1619007
1490548
1484869
1379320
1296879
1181023
1151045
1083029
1022775
1018283
992596
933542
925515
969591
892102
919821
857168
874406
892535
824568
829018
795534
768232
764657
784528
769254
756550
772787
678626
685982
677870
674193
709623
691468
670745
678603
668172
677711
663645
677707
659622
628254
617932
605997
579757
568850
547799
538893
543977
539719
525107
511027
517536
513864
514972
470401
491707
463566
464606
435993
438539
432773
420170
420781
402222
409760
395203
412315
400724
384503
385348
411776
379574
378007
388155
369553
391821
397950
361067
367844
348100
353973
341422
340921
351088
333085
333849
333433
318210
329409
324569
311902
310265
308050
303506
300349
304183
296953
294023
285035
281483
289843
284632
276744
280396
275214
266744
268219
272193
262584
259102
264158
255936
263414
254910
246360
240646
244507
243267
240452
242443
240482
237480
236577
234555
242198
236980
231760
255047
235442
240300
225005
222836
227169
229435
218617
219627
223138
216082
229429
213744
221392
217728
212739
213952
225247
209059
214968
208037
207861
208550
204379
202427
208260
207065
206895
197266
200773
197086
199268
203345
194427
200175
196522
205250
195985
196070
191893
192070
190729
187533
188328
191314
187325
185463
186005
183854
179474
179388
182341
184511
176144
188555
177481
178397
177368
183724
174366
182714
176306
172448
172769
175611
177317
176895
171043
170527
164766
167666
172472
161824
169407
165812
166359
164794
163582
160011
164401
162685
162411
169570
163259
174069
154013
169150
154743
152891
152182
154468
156417
152559
155032
150646
160131
148621
150718
149050
146338
149658
149251
157364
142289
141264
142007
150879
146122
143766
142697
144194
145051
147185
144713
140819
141357
138955
146311
140731
135484
135986
144437
134104
138192
135774
140937
134910
134102
142282
134731
133133
133706
128737
133571
132684
127907
133563
126029
127369
126495
133057
126029
127139
125571
126203
126760
123961
134203
124346
124187
123183
131489
126660
124850
124039
122140
126428
125165
127331
126717
125252
126278
122691
132899
121354
121921
125006
124976
119186
119425
122789
119610
117700
121481
127291
120292
119419
119825
115220
117358
115771
114094
121704
114892
117842
114791
114569
124993
117762
113650
117851
116186
119125
117804
114904
112962
114599
110020
116277
111857
112426
114002
113787
106863
108990
111478
114802
110409
110409
108171
107728
107448
109720
109288
105932
116100
108005
106473
105880
106361
113731
105559
107925
106879
107285
103621
107447
108421
105984
103171
103402
104122
107601
103591
103681
107341
102657
103650
101987
100671
105155
101105
99754
101224
102463
99660
100435
98376
96613
95566
97937
95896
96651
96933
96908
103613
97212
95824
96012
97038
96620
93222
96224
95608
98106
95047
92375
92970
92660
90571
91319
95216
96564
103389
92643
91323
90301
87036
88862
87060
88697
86421
86817
87243
87876
86184
88930
87865
87487
84845
89280
84926
91995
85256
88138
88666
83895
90392
86473
85759
84035
87224
83677
85084
84536
86231
86828
85438
87427
89379
83601
83756
85880
82808
81951
87243
81812
82090
85152
84443
83174
82930
83773
82429
80797
80895
81385
79087
84835
81338
84549
79513
79821
80987
80476
84865
79299
81826
79310
78334
82911
88574
80250
82942
81610
78487
80009
77547
82973
80609
83743
81192
77116
80713
79813
75605
77124
81358
76753
76304
77509
77197
77921
75383
75298
75395
74713
78493
76544
75559
79026
74914
73842
74534
74559
74871
75932
73099
75446
73999
75887
77980
73695
75228
74877
74112
74169
73505
73063
72668
74386
70930
72603
71602
73512
73055
74858
69493
71645
72216
71093
71599
69497
76594
69387
69966
69229
68662
73745
68901
69750
70685
71377
70883
69446
71390
72217
69962
70051
69870
69387
67228
68046
67495
67917
67218
69431
66712
67037
69565
68214
66232
67881
67399
68481
65271
65198
66724
71611
66630
66862
66217
64860
67278
64348
64531
69564
66194
62980
65667
65360
68303
63947
64984
63168
67128
65243
62682
63406
64139
64534
64012
62503
62154
61732
61266
63187
63476
63002
62422
62962
60451
60369
63489
60487
60927
60072
61062
60424
62071
60630
60126
62841
62458
64172
62440
62999
61219
59543
60990
59424
58669
59466
60884
58307
60432
61252
59386
58020
58988
59542
59701
58274
60442
58914
58992
59716
59739
58169
59006
58436
58495
59432
61397
57617
57248
56714
62625
57462
59909
56886
57784
57743
56454
56588
58728
56022
60304
56483
58300
56915
58744
57177
57540
56448
55829
56351
57033
56954
56103
57929
56978
54602
55992
56147
57029
56828
57025
55174
55608
54869
56201
55937
54479
54010
55719
55940
53820
54372
55526
54838
55203
54549
58947
55901
54601
55799
53663
53477
56342
55111
53542
53127
57612
53727
54871
53038
53010
52067
52011
54353
52005
51248
54305
52101
51526
52501
50871
57039
53390
50742
51669
52685
50649
53980
51657
51868
52347
53859
50285
52768
51798
50833
50045
51509
50678
54738
50583
52224
50773
49952
49969
50793
53398
53484
50479
49916
52130
49208
51211
50200
50541
51013
53633
50329
49944
51476
50177
50042
53215
49530
50904
49759
50612
50875
50898
52915
50914
49673
49667
49438
49997
50385
49696
48975
51322
51147
51451
49358
49657
47349
49876
49011
47533
47503
46628
47435
53840
48594
47375
47827
47877
47853
49659
49764
51192
49686
47661
50431
48183
54765
46575
47276
47803
48010
46346
54697
48094
47309
46525
48605
47086
45596
45648
46827
50335
47305
46299
47622
47977
49126
45469
45912
46852
46184
44931
45155
45352
47134
47299
45760
47807
47477
47565
45684
46777
44934
48567
48046
47338
45121
44897
44304
46632
43997
45225
45946
44378
45571
45591
44259
44720
44683
46187
43721
43568
45311
44020
45122
44820
46425
44649
44646
43589
43707
45726
44673
43531
43605
44130
44404
44831
45921
44792
44489
43898
43359
44085
44704
46905
43156
42941
45112
42978
42890
43487
47549
42582
43512
44951
42826
43143
43401
43267
45553
43782
42139
42941
43493
42353
42399
43681
43538
42605
41280
43158
42824
45673
42542
42273
41658
41771
41154
41350
42391
41662
43938
41233
45160
41373
41594
40536
43256
41488
42291
41218
43638
41758
41667
41915
41919
43382
40489
43251
41484
42052
40264
40423
40881
41496
40856
40643
41087
39959
40889
40705
40210
41326
39815
41558
39967
40126
39559
40960
42325
42397
39666
39659
40776
40170
40380
38857
42843
42153
40402
39516
39613
39853
40052
40027
39051
40214
40180
38750
42667
39418
41639
39197
39642
39552
40687
39160
41865
38843
40007
40363
38822
38517
39600
38575
39367
40084
39341
40397
37950
39893
38265
39492
38407
38194
39633
39705
38323
40608
39774
39407
38644
40336
38397
40716
39356
40545
39253
38268
38474
38798
38295
38810
39616
40842
38800
38910
38431
38372
39209
37540
39310
37742
39332
38079
37505
39165
37532
39264
37700
36547
38141
37443
40200
37230
36878
37522
36247
37022
37084
41473
37959
39294
36786
37473
40348
36227
35940
37156
36137
39464
37389
39143
35746
37228
36421
36408
36758
35359
37363
35352
35143
36598
35960
36478
36056
36319
35217
35474
34982
36000
34675
35504
35459
35434
41462
35314
35974
34534
35016
35429
35230
36381
36809
36103
35310
35898
35464
35062
34941
36963
35636
34301
34577
34835
34501
34578
35824
35496
34331
34442
34456
39266
34188
35851
34691
34368
34104
36001
34925
34090
34445
35804
33067
33788
34788
33238
33019
35141
34174
36740
33900
34280
35166
35040
35437
34400
34317
35944
34027
33151
33456
32967
35842
34909
33305
33046
35826
34737
34709
33380
32550
35224
34242
34801
32944
33428
33849
34264
34742
33410
34710
32942
34009
32688
32929
33348
33394
32560
32180
32659
32852
33344
33202
34451
33239
32432
32466
32475
32928
32252
31989
31866
31467
33191
34557
31807
34270
32924
32813
32919
32259
33958
31755
31838
32302
33053
32358
33511
31265
32334
32588
32052
32531
33403
34375
32087
33000
31345
31633
31944
32322
31612
32157
31686
32079
32078
32646
32087
31380
31801
30634
31536
31058
31322
32784
31005
32110
31227
30741
36193
30173
32145
31592
31577
31325
30758
30667
31836
31098
30733
30800
31494
30291
31289
31247
30199
31455
30624
31044
31327
30396
31442
31610
30906
30542
30726
30947
31012
29635
29769
30490
29769
31299
30993
29155
29866
30248
30476
30159
30996
30519
30416
29169
32316
30752
30286
29473
29421
30737
29535
30715
30107
31319
29717
29496
29340
29108
29731
30047
29560
29946
30377
29780
29345
29328
32436
30090
29756
28826
29336
28827
28494
28946
29771
29579
29554
31163
29210
28178
28623
28710
28862
29679
28736
30645
28836
27908
28722
30098
29828
28344
29597
28589
28698
27950
30011
27682
29354
28636
28752
28504
27659
28901
27875
28609
29690
28023
27687
30406
28244
28600
29460
29515
27205
28234
28471
27590
28046
27712
27569
27432
27449
27007
29044
27244
27266
28560
28551
27970
27023
27917
28612
28844
29170
28704
28335
27050
28220
28141
27734
28278
28194
28331
29437
27740
27524
28387
28170
26587
26943
27952
27755
26844
26717
27727
27125
26907
28026
27191
27494
26675
26513
26887
26771
26450
27066
28324
26858
27254
27114
29474
27555
26177
27725
26552
26432
26646
26945
27258
27178
29113
26697
27659
26080
26815
28698
26463
27033
27100
26732
26669
25720
25503
25497
25699
26373
28011
26282
26507
25969
26456
26568
26570
26682
26765
26279
27768
28991
25207
28869
25850
27278
25170
25525
26980
26396
27219
26476
26422
25436
28216
25000
26983
26009
25390
26847
26643
27266
25511
25781
25405
25492
28246
26951
26008
27531
25218
25377
26500
25179
25064
25289
24631
25934
25912
25642
25730
25073
24515
26237
24920
24842
25327
24351
24848
24515
27087
24408
26039
25103
26043
26215
24735
24918
24645
25720
24402
24653
24311
24826
24325
24765
23990
25436
24370
25735
25716
26896
24155
24563
25304
24592
24921
23793
24995
24716
24873
24071
24184
24748
25271
23554
23971
24465
23929
24534
24447
24773
23666
24006
24010
23244
25241
24313
23750
26254
24134
23994
26318
23935
23274
23783
27283
24038
23934
24044
23298
23809
23739
25190
23211
23346
24367
23843
23301
23617
23227
24711
23417
24946
23317
24844
23902
23954
23389
23621
23744
25250
23919
23889
23650
23529
23220
25282
23527
23005
23866
24310
23567
23159
23744
24538
22621
22673
23751
22391
23868
22158
22622
22837
22713
23691
22233
22529
24064
23450
22352
23106
23831
22942
22586
24057
22773
23152
23904
22190
23580
23194
23111
22275
24009
22830
23307
22029
24668
22878
22301
22243
22880
23167
22929
22758
22100
22722
24387
21856
22642
21970
24243
22016
23365
23182
23030
22392
22015
22267
22389
24072
22362
25446
22022
21983
22494
22562
22380
21939
23455
21333
23061
22401
21521
21706
22452
23034
22075
22803
21370
22247
22662
21799
21714
21723
22479
21695
21219
21873
22097
21323
22445
21236
21843
22675
21146
21665
22288
21497
21707
21052
21766
23265
22467
22213
21771
21691
21663
20953
21894
21490
22324
21636
21101
22410
20961
21754
21485
21238
21413
20964
22398
21556
21560
21296
21931
21801
21018
20946
20576
21350
21800
22508
20943
21932
21343
21715
21060
20796
21436
21678
22025
22632
21335
21813
21821
21617
20774
21938
20550
21556
20806
21321
21569
20757
22004
20767
21362
20832
20906
22721
21064
20510
20534
20320
20204
20787
21552
21341
20866
20310
21727
22085
20642
20841
20404
21581
20472
21330
20510
20897
20453
21175
20917
21486
20192
19996
20387
21135
20912
21102
19926
20673
20646
20310
21011
20235
20360
20296
20136
21233
20774
20271
20399
20100
20916
21448
20118
20613
20196
19798
20474
21141
20955
19727
20979
20117
20345
22038
19688
19564
19633
20026
20096
20508
20802
19493
20681
20164
20092
19900
20012
19818
21169
20413
19852
19649
20096
22190
19501
20263
20171
19130
20662
19952
19227
19628
19531
20016
19724
19594
19778
19773
19389
20236
19482
19421
20391
19519
19679
19035
19504
21101
19772
19327
19349
19561
20081
20515
19370
19624
19075
19614
20640
19102
19300
22868
19213
20067
19311
21086
19197
18955
20387
19125
19506
18978
19663
19158
19385
19522
19847
19056
18970
19856
19416
19099
18880
19209
20358
18764
18910
18984
19603
19028
19064
19126
19013
19014
19792
18801
19300
20174
19315
18766
18857
19349
18719
19559
19819
18542
18598
18328
19403
19154
18720
18348
19413
19214
19014
19216
18989
18634
19079
18822
18915
18483
20220
18251
18500
21021
18244
18868
18353
18371
18194
19011
19580
19363
19408
18887
18451
18977
18126
18058
19031
18337
19019
18659
18484
19293
18313
19512
19030
17924
19766
18424
17885
18571
18196
18561
18334
18873
18597
18055
17787
18912
18299
18263
17836
18922
18450
18223
18925
17872
18920
17788
18533
19103
18189
18215
19047
19952
18441
17880
18532
17841
18469
20104
18984
19069
18094
18107
18933
18440
18214
18284
17482
17954
18228
17551
17991
18296
18932
18058
18080
17342
18277
18305
17581
18665
19384
17893
17840
18443
17922
17999
17675
18131
18254
18024
18139
17482
18198
17934
17423
17257
17421
18998
18103
18227
17778
18231
18205
17401
17305
17656
17474
17409
19621
17812
17195
17163
17162
16997
17220
16948
17403
17707
19220
17882
17445
17654
17426
17332
17641
17403
17597
17206
17347
17329
17712
16797
17428
17541
17024
17365
17596
16823
17435
17264
17594
17202
17378
17523
17615
16628
17258
18910
17197
19144
16810
16933
16835
19193
17006
16686
16933
17396
16890
16932
16890
17967
17759
17491
17146
16916
17073
16498
16612
16806
17049
16977
16976
17074
16931
16858
16296
16194
17482
16205
17189
17416
17500
16268
16704
17733
16764
17160
17499
16586
16686
16967
16803
16241
16062
17342
16233
16596
16216
16094
15848
17260
15973
16776
16550
16685
17164
16314
16449
15786
16240
16706
17015
16520
15901
16274
16445
16933
16205
16282
16351
16314
15987
16163
15770
16403
15693
16064
16654
16865
15982
17220
17239
15992
17316
15701
16162
15765
16802
16562
16708
17306
16373
17180
16809
16172
16250
16434
16006
16415
15734
15633
16805
16000
15829
15725
15677
15831
15680
15803
15323
15738
15939
15836
15815
15614
15575
15665
15870
16648
15877
16293
16285
15917
15822
15653
15997
15980
15540
16228
16732
15233
15632
15658
15512
15310
15766
15634
15527
15702
16078
16058
15969
15869
17187
15258
15310
15444
16312
15775
15554
15616
15558
14944
16334
15686
15358
15575
15979
15230
15400
15351
15170
15424
15407
15659
15794
16600
15720
15004
15792
15260
15687
16045
15267
15284
16010
15514
15886
15359
15741
15746
15561
15687
15273
15415
15848
15599
15680
15259
14894
14792
15475
15813
15350
15258
15692
15556
14776
15862
14912
15114
15169
15145
15389
14939
15909
15684
14884
15043
15303
16163
14632
14958
16124
15020
15377
15052
16003
15903
15259
15259
14889
15124
14452
14645
14846
14551
14771
14564
14979
14854
14691
16128
14726
14672
14501
14938
15388
14936
15640
14768
15092
14484
14686
15587
14441
14552
14594
15021
14684
14970
14521
14587
14551
16008
15910
14766
15199
14609
15393
14211
14881
14891
14165
14643
14826
14965
14445
15780
14596
14308
14624
14586
14227
14325
15337
15091
15033
14499
14873
14615
14996
16213
14852
14425
15048
14403
14155
14559
14305
14241
15249
13964
14481
15172
14886
14780
15147
14389
14954
14310
14539
15249
14516
14090
14757
14610
14022
14371
15613
14397
14117
14459
14853
14186
14065
14069
14233
14016
14366
15214
15804
13933
14100
13895
14720
14565
14234
14030
14006
14864
14136
14780
15008
14725
15107
13688
14057
14025
13599
13681
14856
13904
13948
14327
13757
13671
16008
14965
13935
13928
13585
14148
13820
14738
14210
14095
13859
15447
13541
14526
13826
15767
13757
14791
13671
13515
13970
13666
14033
13615
14249
13964
13655
13703
15383
13996
14648
13739
13959
13545
13797
13611
14681
13885
14317
13806
13252
13474
14045
13951
13733
13633
13686
13390
13526
14087
14088
13248
13963
13425
13330
14497
13183
13399
13748
13987
14234
13479
14148
13646
13547
13373
14058
13231
13321
13903
14047
13956
13181
13849
13438
13718
13693
13507
13702
13670
13109
13150
13033
13542
13235
13725
13845
13434
13051
13584
13115
13145
13024
13840
13130
13553
13518
13831
13270
13191
12871
13207
12975
13064
13364
13377
14036
13045
13597
13053
13797
13066
13324
12930
13872
12916
14008
12891
13673
12889
12746
13802
15057
12963
13336
13437
13043
12814
13376
13123
13259
13041
13654
12795
12824
13503
12709
13209
12757
13007
12927
12886
14197
12957
13256
12906
12738
13402
13277
13233
13238
13769
12972
12899
13103
12542
12903
12874
14160
12999
13064
13289
13150
12878
13351
12966
13190
12649
13593
12576
12881
13033
12402
12558
13382
12603
13147
12887
13606
12737
13323
13362
13806
13010
13310
12863
12542
12508
12612
12628
13434
12872
12480
12772
12346
13256
12631
12836
12662
13171
12610
12673
13567
12497
12663
12751
12424
12565
12684
12356
12461
12365
13131
12329
12542
12393
12438
12317
12265
12395
12682
12384
12820
12668
12431
12601
12590
12673
12268
12552
12421
12236
13275
12125
12078
12586
12634
12390
12340
12673
12335
12200
12656
12169
12679
12225
13118
12054
12376
12054
11874
12034
12461
12833
11974
11923
12179
12397
13411
11886
12089
12948
12280
13238
12310
12025
13724
12056
12379
12356
12194
11869
12342
12567
12457
12261
12402
11846
12097
12172
12007
11808
11773
12079
12801
12106
12467
12203
11815
12347
11828
11801
11683
11756
12086
11957
12155
11974
12435
12022
12005
11815
11893
11653
11954
12069
12112
11883
12689
12041
12527
12105
11863
12006
11722
11842
12668
12342
12073
12054
12329
13072
12063
11849
11944
11706
11641
11539
11861
12121
11956
11941
11940
11630
11795
12146
11306
12233
12247
11747
12754
11882
11800
11543
12321
11360
12684
11701
11776
11536
11551
11678
11293
11824
11365
12091
11650
12100
12103
11430
11530
12082
12583
11346
12237
11849
11666
11499
11310
12013
11327
11352
11344
11830
12180
11388
11446
11843
12107
11706
12061
11304
11566
11570
11397
11626
11107
11160
11591
11323
11367
12253
11596
11209
11501
11592
11119
11083
12015
12212
11609
11171
11237
11329
11200
11277
11442
11633
11132
11095
11391
11680
11676
11580
12123
11387
11830
11637
11409
11181
11250
11559
11689
12169
11591
11474
11324
11279
11199
11580
11070
11195
11342
11494
11116
11299
10898
10864
10995
11544
11746
11842
11247
11039
11202
12171
11031
12260
10775
10831
11135
11370
11112
11154
11674
10943
10984
10891
11695
11054
11121
11134
10858
10783
11373
11442
11039
10918
11799
11086
11469
11106
11143
11945
11355
11280
10913
10960
11196
10990
11602
10948
11372
11042
10790
10736
10964
11483
10745
11330
11295
10976
12063
11665
10593
10822
11115
11396
11688
10715
10866
10587
10521
11324
11454
11383
10850
10658
10840
10778
10595
11403
10674
10924
10951
10987
10833
11009
12008
11598
10580
11520
10869
10771
10920
10893
10508
13755
11155
10747
11066
10446
10855
10741
10718
11003
10815
10953
10843
10561
10695
10397
10885
11449
10906
10671
10756
10537
10901
10352
10448
10752
10524
10484
11710
10739
10461
10721
11316
10334
12170
10178
10579
10339
10322
10141
10432
10803
10500
10430
10677
10663
10550
10303
10538
10456
11014
11222
10408
10446
10625
10739
10571
10209
10452
10163
10961
10194
10594
10125
10799
9976
10308
10428
10330
11284
10600
10317
10537
9996
10698
10054
11159
10622
10218
11656
11038
10733
10033
9993
10833
10246
10148
10250
10169
10342
10306
10427
10356
10839
10171
9896
10130
10335
10205
10485
10524
10104
10894
10642
10193
10553
10305
10215
10579
9956
10090
10189
10913
10403
11072
10120
9896
10288
10050
9956
10320
10023
10002
10521
10303
10204
10167
9834
10041
10572
10110
10722
10282
10159
9845
10288
10161
9886
10032
10112
9691
10684
9985
9933
9951
10462
10273
10457
10238
10001
9918
9795
10244
9904
9654
10324
10218
10204
10275
10954
9739
9986
9955
9746
10196
9868
10535
9821
9891
10115
9986
9735
9652
9857
9738
10172
9832
9741
9619
10641
9762
10309
10113
9627
9920
10006
10566
9874
9928
9825
10484
9972
9926
9565
10006
9561
9734
9977
9797
10143
9553
9982
9826
10041
9729
9690
9755
10162
10125
10394
9465
9789
9508
9955
9982
10283
9638
9708
10004
9586
9824
9493
10007
9822
9285
9751
9573
9622
10131
9872
9902
9586
9477
9457
9389
9541
9670
9694
10390
10143
9728
11047
10095
9653
9697
9678
9822
9507
9758
9897
9345
9605
9461
9672
10689
9689
9793
9302
9543
10613
9758
9952
9716
9821
9750
9404
10029
9624
10397
9721
9480
9867
9573
9351
9912
9163
9150
10349
9596
10022
10163
9684
9638
9297
9665
9520
9806
9758
9326
9334
10187
9491
9247
9106
9561
9698
9298
9101
9448
9628
9772
9094
10941
9005
9523
9570
9039
9372
9664
9191
9059
9206
9036
9271
8988
9682
9423
10560
9316
9788
9274
9100
9377
9267
9215
9202
9639
9564
8998
9220
9796
9402
9480
9251
9403
9267
9226
9214
9219
9300
9016
9118
8981
9362
9010
9319
9109
9327
9048
9054
8924
8993
9793
9561
9065
9272
9101
9278
9412
9288
9168
9406
8968
9017
9238
9459
8771
9385
8994
9218
10014
9449
9300
8871
9169
9121
8980
9274
9069
9028
9155
9250
8875
8866
9055
9153
9628
9019
8954
9852
8720
8944
9181
8945
8732
9345
9584
8751
9337
9115
9151
8928
9018
8854
8965
10166
9384
8643
9355
8906
9087
10099
9228
9033
9499
9149
8980
8963
9212
9230
9024
9261
9260
8868
9047
8956
9111
8788
8969
8712
8916
9136
8988
8704
9119
9291
8715
8826
8676
9209
8948
9890
8755
8866
9099
8745
8879
8660
8856
10568
8984
9360
8570
8453
8867
8662
8766
9227
8596
8893
9329
8461
9019
8550
8650
9303
8980
8882
8883
8814
8757
8860
8403
8787
8702
8506
8632
8675
8963
8519
8723
9184
8790
9387
8821
8851
8812
8996
8606
8477
8537
8491
8659
8573
9060
9103
8353
8943
8573
8446
8814
9453
8442
8648
8639
8446
8333
8648
8870
8397
8509
8617
8633
8391
8964
8571
8502
8991
8542
8542
9018
9121
9076
9013
9019
8533
8440
8563
8397
8463
8381
8753
8646
8388
8650
8780
8092
8597
8463
8367
8357
8370
8842
8462
8600
8835
8267
8523
8628
8722
8207
8275
8307
8527
8475
8464
8386
8729
8471
8447
8630
8504
8316
8405
8154
8232
9584
8259
8815
8671
8302
8160
8416
8755
8299
8285
8449
8162
8895
8536
8196
8498
8690
8675
8300
8045
8254
8335
8335
8291
8441
8140
8630
8278
8364
8170
8209
8170
8249
8298
8103
8400
8023
9293
8583
8324
8288
8439
8030
8340
8287
8010
8384
8889
8162
8313
7982
8652
7961
8015
8176
8136
8249
8255
8167
8013
7996
8620
8177
8393
8717
8261
7889
8190
8164
7936
7871
7829
8075
8946
8073
8164
8279
7831
8847
8035
8809
7789
8162
8371
8029
7969
7986
8117
8177
7895
7762
8128
8049
7778
8008
8164
8454
7828
8003
7973
8104
7988
7871
8311
8123
8415
8941
8075
7863
7975
7996
8256
9123
8026
7961
8723
7923
7949
8586
8101
8204
8481
8130
15773
8376
7818
7921
8250
8204
7879
7971
8641
7746
7827
8087
7847
8803
8011
8005
8167
7689
8468
8094
7667
7973
7671
8018
8485
8106
7798
7934
7845
7619
7796
7586
7912
7813
8036
7704
8099
7713
7712
7734
7546
8135
7960
7664
8132
7659
7846
7829
7550
7869
7630
7798
7597
7634
7776
7868
7822
7986
7780
8785
7500
7940
7889
7978
8997
7925
7666
8122
7519
7646
7821
7671
7863
7694
7631
7775
7724
7709
7762
7849
8036
7618
7688
7890
7556
7618
7760
7717
7687
7668
7589
7373
7382
9217
7765
7389
7438
8245
7368
7571
7379
7574
7916
7545
7458
7704
8140
7388
8223
7671
7304
7495
7835
7795
7692
7396
7556
7477
7910
7980
7753
7757
7585
7625
7554
8157
7518
7634
7485
8081
7336
7659
7810
7469
7538
8320
7402
7461
7861
7529
7458
7875
7813
7742
7898
7352
7187
7605
7585
7332
7347
7719
7668
8039
7780
7349
7425
8016
7228
7525
7474
7454
7510
7464
7660
7243
8320
7998
7324
7416
7332
8123
7474
7451
7347
7382
7441
7336
7549
7512
7171
7333
7280
7226
7147
7415
7294
7378
7784
7264
7367
7663
7593
7355
7345
7675
7397
7418
7187
7484
7426
7189
7211
7450
7351
7425
7326
7264
7247
7211
7096
7870
7415
7541
7255
8057
7442
7069
7866
7482
7596
7191
7512
7415
7217
7431
7190
7075
7152
7170
7231
7770
7260
7220
7332
7419
7160
7063
7045
7338
7132
7478
7361
6955
7102
7823
7277
7038
7914
7008
7535
7030
7399
7036
7058
7070
7088
6954
7229
7448
7234
7673
7241
7184
7039
7729
7167
7294
6907
7149
7094
7588
7225
7574
7349
7735
7216
7216
7197
6936
6842
7118
7219
6914
7015
7103
6887
7067
7005
6864
6951
6966
7010
7198
7261
7070
6894
6932
7238
7170
7316
7182
7130
7126
7462
7274
7319
6952
7388
7563
7461
7204
7101
6811
7213
7276
6955
6945
6939
7290
6933
7064
7027
7274
7193
6974
6955
6896
7154
6823
7585
7049
7071
6815
7026
7487
6931
7120
6946
7000
7053
6875
7352
7222
7000
7139
7452
6896
6879
6920
6765
7090
7006
6914
7088
7128
7115
6972
8605
6976
6836
7195
7134
7175
6865
7372
6978
6781
6856
6877
7087
6730
6939
6724
6716
6896
7008
7113
6786
6891
6787
6688
7013
6630
6671
6803
7076
6868
6829
6730
6929
7165
6896
6857
6800
6698
7069
6986
6964
6763
6886
6705
6951
7122
6912
6866
6686
6730
6660
6747
7052
6947
6776
6928
6696
6694
6879
6990
6932
6910
7220
6759
6880
7044
7487
6636
6665
7227
6995
6695
6580
6743
6742
6944
6806
6689
6604
7059
6658
6822
6773
6712
6808
6867
6584
6690
6833
6713
6693
6972
6642
6509
6680
6954
6613
6591
6460
6942
7497
6462
6929
6648
6604
6611
6492
6584
6696
6697
7041
7138
6641
6565
7073
7015
6672
6658
6922
6591
6484
6722
6606
6718
6644
7084
6800
6422
6768
6585
6658
7251
6570
6650
6554
6785
7029
6741
6517
6443
6643
6503
6847
6423
6886
6558
6606
6703
7004
6538
6500
6512
6775
6525
6474
6977
6720
6513
6380
6754
6624
6497
6541
6296
6384
6540
6529
6418
6426
6486
6358
6412
6391
6621
6436
6631
6726
6394
6677
6349
6718
6772
6838
6403
6198
6651
7242
6755
6543
6541
6293
6662
6621
6473
6319
6276
6486
6495
6476
6690
6761
6531
6889
6327
6418
6490
6357
6532
6339
6473
6621
6382
6461
6288
6297
6360
6484
6338
6601
6401
6303
6345
6577
6353
6276
6267
6209
6720
6492
7053
6911
6166
6307
6185
6231
6138
6660
6576
6346
6665
6665
6320
6177
6478
6793
6333
6560
6143
6268
6561
6086
6176
6321
6331
6334
6312
6387
6411
6261
6377
6439
7519
6278
6356
6928
6736
6328
6234
6076
6572
6468
6250
6250
6529
6117
6313
6727
6103
6671
6159
6342
6670
6175
6157
6255
6153
6454
6236
6180
6038
6828
6092
6284
6659
6439
6261
6452
5959
6340
6286
6044
6317
6141
6251
6273
6097
6088
6239
6300
6238
6157
6199
6227
6186
5962
6954
6607
6423
6130
6040
6312
6039
6161
6266
5951
6157
5909
6634
6067
6149
6066
6647
5887
6067
6191
6203
6394
6144
6075
5980
6028
6087
6007
5985
6232
6117
6176
6071
5974
6207
6035
5949
5871
6054
6303
5810
6149
7014
6061
6205
6427
5997
5809
5893
5992
5935
6042
6031
6086
5945
6102
5818
6194
5760
6236
5954
6247
5952
6089
6005
5998
6071
6000
6171
5903
6013
6038
5892
5911
6161
5769
5948
6030
6038
6463
6027
5860
6332
5884
5793
6237
5960
5868
5819
6023
5797
5874
6210
6095
5947
5909
5965
6210
5882
5882
5779
6271
6109
5867
6101
6129
6327
5890
6011
6082
6239
6258
5681
5740
6275
6294
5826
5968
5911
5782
5826
6443
5850
5798
5997
6414
5908
6024
5806
6228
5811
5952
5802
6269
6230
5994
5722
5936
5859
5897
6005
5801
5879
5957
5933
6052
5709
5938
5791
5814
5884
5859
6379
5963
5698
5696
5727
5921
6164
5676
5761
5938
5898
5735
5950
5735
5781
5925
5690
5641
5701
5812
5728
5981
5744
5765
5986
5716
5781
6111
5953
5762
5773
5978
6111
5845
5859
6050
5858
6212
5880
5679
5563
6021
5755
6445
5968
6155
5682
5617
5925
5942
5795
5730
5622
5619
5941
5674
5828
5640
6031
5852
5727
5650
5558
5656
5873
5674
5632
6062
5919
5720
5670
5797
5543
5682
5506
5809
5591
5720
5693
6067
5798
5653
6439
5915
5964
5660
6179
5676
5847
6040
5662
5630
5635
6215
6215
5684
6023
5531
5664
5821
5931
6340
5744
5881
5665
5731
5968
6386
5535
5557
5678
5420
5576
6005
6401
6215
5532
5716
5791
5642
5973
5826
5451
5616
5720
5567
5695
5622
5639
5773
5690
5698
5757
5558
5621
5674
5484
5855
5464
5532
5662
5633
5681
5491
5609
5788
5644
5677
5647
5814
5723
5712
5585
5659
5468
5758
5460
5504
6255
5538
5492
5695
5444
5841
5584
5882
5388
5485
5479
5516
5790
5718
5578
5587
5676
5627
6472
5678
5482
6160
5412
5670
5520
5529
5882
5490
5517
5622
5944
5465
6103
5597
5675
5505
5452
5593
5619
5507
5442
5497
5350
5543
5472
5604
5669
5349
5773
5953
5621
5596
5452
5337
5742
5600
5336
5317
5577
5481
5708
5629
5806
5691
5420
5719
5942
5321
5467
5451
5322
5435
5709
5490
5558
5486
5324
5777
5785
5731
5627
5331
5536
5352
5415
5410
5456
5513
5755
5459
5232
5222
5458
5271
5347
5350
5609
5359
5334
5755
5389
5434
5339
5337
5503
5258
5309
5497
5528
5522
5483
5407
5305
5167
5466
5193
5400
5575
5371
5504
5177
5509
5419
5243
5331
5344
5488
5849
5441
5247
5340
5458
5332
5162
5417
5181
5212
5313
5373
5429
5490
5309
5269
5321
5289
5462
5297
5684
5216
5204
5166
5125
5276
5192
5200
5196
5401
5241
5207
5170
5207
5357
5269
5308
5367
5361
5383
5683
5265
5256
5278
5648
5288
5240
5291
5137
5218
5279
5128
5233
5263
5318
5209
5328
5459
5157
5531
5066
5287
5327
5187
5211
5239
5362
5093
5403
5499
5205
5519
5221
5903
5041
5087
5305
5392
5547
5190
5132
5445
5085
5324
5085
5312
5455
5372
5184
5138
5279
5409
4976
5210
5027
5227
5071
5154
5214
5036
5012
5156
5024
5063
5233
5275
5479
5074
5063
5210
5344
5060
5136
5183
5461
5313
4990
5132
5377
5048
5753
5055
5035
5208
5880
5082
5186
5159
5022
5117
5079
5125
5471
5297
5152
5089
5085
5076
5130
5203
5426
5602
5035
5541
5229
5061
5081
5379
5084
4933
5083
5350
5130
5226
5061
5106
5116
5117
5148
5125
4987
5112
5006
5352
5096
5186
5211
5613
5015
5159
4995
5009
5200
5169
5042
4991
5293
5458
5486
5076
5080
4972
5038
5015
5150
5269
5156
5000
5157
4970
5056
5339
5051
5148
4991
5110
5083
5047
5126
4877
5154
5178
5011
5186
5185
4922
4938
5304
5438
5010
4875
5113
5020
4923
5031
5118
5097
5339
4896
5104
5286
5065
5467
5028
5315
4935
5109
5154
5063
5040
5261
4990
5312
5094
5025
4972
5079
